21389326
19202066
16474139
25903135
1400872
14573609
17293352
8757293
8142896
22052913
22601780
6234164
17989695
17956937
2547792
15458386
2056274
21422170
32366695
11772019
18514042
30867591
25092234
10731668
20406422
6267033
29671580
3555489
30335141
23888046
3661998
22511793
18702514
22020283
16203964
10903744
26902720
18596036
17711303
10821832
24256719
8323280
7635154
7635155
8323299
8978667
18227435
29106414
2842863
3514617
1581307
23027977
6177036
9265423
17703189
11493670
15696168
24125761
12370246
10092871
21692750
19931471
12878160
1737041
9535843
20595044
21217642
2793860
19276170
26280335
12435857
11805077
8798614
1687959
10715549
28377511
23527852
19136951
28402104
11067851
2040275
21733844
19349973
2040277
2040278
9822688
19571171
21987822
21037563
7774715
8069634
2023947
6816276
10551839
20505120
17105447
10764840
3342889
20881961
17310251
17924658
16859706
21791290
30392906
19022411
2015821
30089812
18768470
16679516
11502179
11788899
22766194
18203274
12034704
17015441
20693656
8962717
2065054
25485983
12034737
15254193
19088065
19153605
18768590
12911312
26190575
19038966
19038967
4055801
3179269
23167757
2319125
16638743
10429212
12927778
1991473
15983417
24085305
8053566
18547526
25568075
10871631
21676880
12297049
12297050
19358553
23520111
10929010
10978165
27599734
27435900
9757569
7512967
28165004
12600216
19506079
20571061
26993603
15901639
15385547
16212939
11150294
11567096
30630874
20145116
17662946
30729188
12657638
6587378
9659379
20489211
16040958
22750213
11912203
3163150
12944413
2049076
25568315
25601083
21300292
27313224
3056714
18695242
14754895
16335952
18490449
2401370
17400922
11371615
16368742
26371182
10200178
15606899
26846330
8627329
6833285
21980294
2737288
21677192
18703501
22848655
3458201
30237853
24036510
28279966
12788922
17065148
26510530
3949763
12575940
12526797
17007843
10814696
19563754
16622833
6333684
19252480
9405696
17925379
29689099
24134926
25265424
9118998
11953431
23242014
30459171
2573604
22160680
11904304
2983222
2393398
15066430
6546754
22988105
10462545
27551080
9233787
22660477
17139081
19654028
26207632
30598546
1885588
15861141
10413465
25617829
21308849
7538124
2590169
10397151
20473317
23602662
19301871
17196528
12731887
7947762
12731890
17040911
8193552
15738388
17548821
15869464
17581592
19383836
10995228
27780639
22128166
1820200
17360426
15173186
29632068
8390218
12527193
30140003
17704566
19678840
23742080
15099525
17286803
1517205
3442327
8357534
7505568
16770729
23209641
16221874
20006580
1533633
16107205
26412745
6776528
26117840
1533657
2721499
2033371
16377570
108268
7620335
11069170
11544325
10209036
2991887
15107857
20727575
1451807
29402915
8636209
32155444
23234360
29681470
468798
3934016
4835136
29992770
24692546
25642819
7014218
26888014
22267737
18491227
17082223
2598771
25765764
4319110
16467855
30582698
10921916
19285951
7694285
28092368
19556306
9578468
9857012
10889209
22235133
7841792
12847106
8349699
7096333
22226965
11683872
16623661
14764083
3524673
16803907
15657036
15476821
14747736
21669976
24365146
24766575
9169007
17614963
29345911
15616124
30312582
11372680
23980170
24995978
21768335
10537111
1468573
27314333
21768352
25700513
11290788
9767079
16877748
3877053
23431362
16894147
12888274
2148568
26536155
16492764
25053408
10684642
20408548
9054441
21317871
21317873
10930422
8243461
1059087
7629073
7514386
19196183
16754968
16476442
7727388
8489250
22718755
8202534
7686446
22399287
22923583
16083266
21489986
11602245
9013598
18065761
19343721
15477100
12970363
25561468
3123586
7309709
12855696
18794910
22579623
17525160
18729387
2550193
14707133
28117447
24103369
26192331
1993171
20457942
8939990
2001369
22333914
27462106
19122660
24816101
10766826
10029548
21047790
14658030
12888562
12200435
30337524
16452088
6203908
22448645
18467335
16263699
9677334
7744025
9677337
16714295
16362042
22121020
3181129
8702538
11733580
28936784
19368529
8981093
2361960
11168369
1567356
17803912
28207759
20581009
19671700
14699159
15010458
16763549
3967649
3484330
11602603
22588082
16698036
20622017
16091843
7776966
486087
12421832
22940367
6785754
10988252
30190309
21932778
22809326
3427055
11741940
2108149
9136890
2943741
24308486
1731338
11053835
17222411
3353370
2001693
18787108
18508581
11356966
28052263
2476841
21572394
19737401
16870210
8407880
16477002
16321355
10201933
2493268
22735700
8407898
11447134
21965667
2386787
6171497
26192747
19237744
3402609
9153399
8702840
27626375
17558413
22678432
3410849
19139490
12151713
20810665
21949356
8407981
20450227
20802483
21244856
11676606
23776206
21908432
24226769
30559189
10677208
29567962
8670172
19303388
10644446
29666272
11439087
21138434
19508227
6327299
27175940
7547911
6966283
3542030
22629392
3484703
21056543
21752865
12438562
15993892
7613477
25103405
11258925
19557428
9628725
12839991
20188224
12610629
1551440
16829524
15379548
7916636
2141278
20147294
1657953
21269602
28011641
12659834
9030779
15084671
2387072
23661698
15486088
1371281
20008117
12545205
26496195
3935432
22023369
18975951
24374484
2403553
20507882
20237569
10358049
15723809
11152678
11152692
18533687
7654718
22187327
14970177
17591618
3345749
3345750
20540760
22547800
23285087
22908259
26283364
2059624
26783088
18795891
19467646
17567119
21327254
12799386
24161696
22932899
25374123
2813359
21876145
15044018
19836338
24751537
21237175
1904059
22285761
22826440
17534424
9334252
17255936
11562499
17542669
17051150
10669592
15961631
20033057
27119146
19017259
2215480
8089145
21712440
3567160
23187000
3886654
7663166
9449027
9530955
7106126
27922006
3550808
23744091
22040171
26791533
22613618
22556278
2592374
15117952
1388166
16002697
8334986
14749323
16002699
11390601
1740433
21671571
8416919
11726493
16740002
16912035
10899108
17018531
3198637
16043704
22171320
1150658
24530628
26013384
12218058
15863501
20729549
11226831
18697946
1380064
7925474
16166642
17157876
27995897
208636
8326911
19664639
24841998
25759508
8687384
9228058
18984734
20934432
15093539
17960739
18042673
9768758
15003450
16944957
25939779
29019981
29224781
25153361
9654101
8130392
22237023
31125343
20696930
16445295
18952059
17395588
17395589
11595658
24334224
22351761
21467029
11980704
16895906
10022822
4091823
7679920
479158
1281977
17715132
29757379
18214858
27152332
3542989
25456591
20877282
15454184
6320120
23039992
3665914
23236605
3665919
10858503
15667209
1445902
8384526
20484118
16601115
22745122
9023546
11710528
19656770
10842180
19017797
10383441
19951703
21606496
20951142
3756141
9539702
9539703
16732286
7688323
12144777
29429898
23662732
26235030
9425062
17502376
24121512
19574954
22483115
8163535
16847056
3264725
11546839
9425112
21917917
18657508
15651049
26702061
18780401
15823095
10531064
9883900
19910922
8507662
24047895
15331613
12775711
23269669
7827751
2363690
1569071
24342833
21983541
18420026
21573946
26620227
12906826
25989451
25751889
2511201
21827946
12743029
17215869
12833155
23851396
5411206
9875849
10441114
1569188
6574504
9343410
17027507
21148085
1823160
12169660
1421757
1421756
12603841
1323463
12620237
19329486
18084303
27226593
23335398
6689265
15536627
29692406
30659065
25727495
9572875
20427278
20427285
17355286
7008791
7524900
24162852
30765605
30765606
12063277
11588155
20959806
17322565
22942287
25686612
6427223
10531415
21959264
16650853
7541354
15340146
12391027
8286855
12096136
19952283
19141282
19690161
21639859
1544894
23302862
3191509
8344278
30552791
8344280
11285216
28668641
1708771
26563299
17117926
10769135
1577715
9884403
30356213
22344443
17330941
14529283
27374339
12718853
8336134
22688517
32518941
1512232
17576745
29217581
11080501
29741879
16274239
12038976
11326277
21205830
9597769
22106953
23999306
17650508
12792654
9933650
29061980
25760607
18420577
8393577
22041449
9524075
25826155
23679855
7451505
15299444
15102839
24269691
32363391
7918467
23376777
16905106
30127001
28775322
26792860
21173149
30872481
9376680
27161523
15946677
7607222
21500857
21156796
16765900
12768205
28554189
1872845
2642896
15152093
27349982
14660577
18559974
8885240
17331201
7107587
9245713
8999954
8639509
7599134
29717535
25752612
30061605
23319596
15807535
8942641
12604466
16036915
8942648
8631363
11531339
12022871
20837471
23934049
29226084
12956774
19805286
8639592
1709161
24474760
23688339
7574684
30004384
1463457
9852066
2528451
17372356
25261253
18420935
20739279
15299793
18642129
22000856
19838169
20534510
20223216
9712881
25187573
19838198
29095159
447737
8262907
8672508
26678539
15054092
24548619
21615908
21689651
21402931
20378933
8181059
24417605
20837704
18715980
12154198
23041369
17896794
8172892
15504740
2110822
11375981
25908590
8344946
8435067
24884609
26146185
10089882
14718370
3134887
23139753
6526384
24393138
873923
9295302
24876489
9450956
18093521
18093522
21525977
7263706
1693148
27710942
24090084
20624874
22451694
9786864
8910321
7525874
19592704
1381905
10712595
19379732
14693913
3356193
1472036
24737316
22173220
17503783
17684013
25802287
16766521
7681597
19478079
16750161
19764817
26416729
22967898
22902367
8033893
7689829
28489325
3839598
17643119
16037490
11703926
15750791
3667593
10704524
15644310
22664871
20805301
24098488
16201406
20879038
6190803
10024660
27391701
18077410
12654314
2668275
19855092
26859261
9860863
18585350
16422668
8615697
8967954
22624035
16815919
21886772
12859190
3651384
26859324
21911364
28292932
2209609
3200844
28661582
1374031
9705299
10639192
10811226
15308636
7780197
1898343
12646248
26195816
20944746
16537470
21550978
20068230
16332679
18036614
18691975
15677325
20133774
30037904
25728924
19478429
19879838
11081633
18929574
17881000
6510521
11098061
9689040
23803857
9336835
21182469
2971663
7460900
23894062
18061361
25327667
2390069
20133942
27768895
17569869
19167329
12122212
17954916
20043878
2013294
28784760
12408961
20813955
9574531
2775174
29251719
25081999
25458834
28514451
7477400
24909990
8329384
2963625
19159218
2775232
19683538
2275556
7518437
10074346
1898736
18340083
16873718
24721674
18536718
4077844
12794138
2513186
2136357
18815274
16234806
23050552
1456441
23959878
8034632
12171601
7944531
12925274
19413349
15350125
3840370
17889651
24279413
18692472
23345538
27416963
29899144
8436110
16456079
14981520
9501082
9501084
1694115
15522226
11696579
17652170
21240269
8026573
3881423
21240271
21805521
15702487
7240157
6371807
28252640
1694179
7682553
1997323
3422739
1899031
2243102
16046623
24967714
15014436
2808371
21609021
29391424
19651138
11983428
21264968
25385546
29932112
18250328
11180632
12925531
2226797
22387313
23878260
12483204
15907468
2226832
8460945
16964247
10861210
7092891
20036257
20511397
7592613
15628971
24058541
16407218
23001782
12589760
8174273
9722584
14711516
22846177
18488039
11279095
6118137
1530634
17980170
21854986
12794637
14760718
28334865
15809306
19946266
11320094
20044576
27687724
19880749
19692335
3693371
3463996
30899004
16874306
23829323
10861392
17488724
19528533
26467158
8567640
10066782
8665956
23395175
28973932
18234225
25500532
16169851
1710976
14769026
8846222
7068558
8223648
19119025
2579379
19864504
3038148
11336649
4373463
11738084
17005555
7535613
8477709
28089369
2071582
19176480
2415652
18930737
10878002
18586680
7511099
27294781
1694784
16497731
16170054
26811476
4054110
2137200
18676855
6298749
19299457
19561611
11279502
10091666
8576151
27384988
28531887
3980466
29465778
11533490
19053759
3521732
7994575
10894551
16014566
3497198
8617200
7306483
26598643
29490423
24632570
11459848
1457416
7929098
23010571
25517345
18775332
19299620
7462199
16940348
7044414
9395518
10419520
26271046
15498570
4603214
15662415
26828122
9690478
24927598
22363519
23297416
19520913
7781780
24509848
24305054
20463020
3497398
16768443
7642555
16186819
18775496
21478864
2129367
1326557
24190431
12901863
11746818
3571205
1908233
27966990
28753425
22846996
2113054
26091039
3571235
19725875
10386995
20332087
8068684
4742735
12754519
28450392
24338010
7683678
22412906
1482348
12525165
28581485
30301806
28327546
27238017
21167756
8216207
1556128
6725284
2277032
10206894
27434672
27516594
11706042
18988733
21569239
15728350
24706782
22576872
20356844
22159084
18308854
17563389
24018687
21757702
6192908
3202829
8486673
2498325
15965977
16834341
9076522
23846701
9748270
1457969
1883960
20684603
21241660
20356926
15687489
6684483
23592772
12590919
2211657
10944330
1998667
29794134
12214108
23035744
27991905
2514791
23756651
23756652
16293754
24076154
21757827
24141704
24977290
25419660
27418511
1900431
17768338
16342937
29343645
8404899
3342257
16007091
12869558
21053369
15253437
10207176
10207177
23142347
7430095
27049939
10756055
29581294
20856818
6619126
6619128
15532026
17113084
